20 20
0.752 1.746 0.442 1.522 1.198 1.938 0.569 1.708 1.025 0.757 1.284 1.067 1.601 1.190 1.468 0.365 0.902 1.586 1.196 1.519 
0.637 1.368 1.310 0.520 0.195 0.614 0.863 0.704 1.650 0.867 1.599 0.461 0.694 1.905 1.876 1.024 1.184 0.136 0.344 1.070 
1.401 1.950 1.061 1.001 0.678 0.742 0.820 0.850 0.707 0.996 1.805 1.205 1.019 0.799 0.657 0.881 1.231 1.110 1.491 1.008 
1.778 0.795 0.687 1.013 1.165 1.589 0.996 1.630 0.875 0.379 1.016 1.361 0.813 1.503 1.069 0.848 1.421 1.320 1.428 0.741 
1.554 0.759 1.177 1.771 0.982 0.652 1.303 1.268 0.728 0.620 0.645 1.790 0.666 1.104 1.489 1.595 1.062 0.985 1.470 1.344 
1.027 0.818 0.698 1.303 1.467 0.346 1.027 0.487 0.922 1.776 1.604 0.703 0.847 1.033 1.326 1.205 0.512 1.036 1.460 0.492 
1.050 0.815 1.472 1.366 1.217 1.439 1.071 0.940 1.002 0.349 0.847 0.775 0.050 0.550 0.642 1.429 0.285 1.029 1.512 0.837 
1.524 0.812 0.464 0.278 0.795 0.196 0.952 1.510 1.288 0.898 1.100 0.834 0.989 1.036 1.836 1.306 1.019 0.404 0.760 0.792 
0.646 1.260 0.281 0.836 0.778 1.360 0.592 0.769 0.125 1.231 1.213 0.490 0.930 1.114 0.501 1.369 0.969 0.505 0.914 0.962 
1.579 0.739 0.951 0.717 0.995 0.815 0.539 0.476 0.442 0.971 0.232 1.036 1.509 0.063 1.230 1.437 1.236 1.100 0.944 0.586 
0.824 1.215 1.267 1.089 0.907 1.180 0.729 0.583 1.424 0.978 0.684 0.638 0.979 1.427 1.086 0.757 0.876 0.101 0.418 0.935 
0.714 1.289 0.847 1.408 0.823 0.541 0.355 1.087 1.451 1.427 1.049 1.222 0.244 0.424 1.776 0.880 1.130 0.318 1.110 0.912 
1.096 0.703 1.089 1.571 0.974 0.409 1.199 1.353 1.371 1.129 0.751 1.354 0.614 1.601 1.456 1.065 0.336 0.375 1.001 0.137 
1.177 1.064 1.664 1.000 1.709 1.247 0.687 1.304 0.185 0.646 0.761 1.327 1.363 1.596 1.700 1.248 0.836 1.049 1.293 0.526 
1.017 0.349 0.622 0.134 1.166 0.965 0.623 0.719 0.883 1.488 0.143 1.230 1.675 1.474 0.988 1.245 1.265 0.379 0.187 1.391 
1.180 1.333 0.853 0.950 0.995 1.014 1.490 1.016 0.586 1.018 1.330 0.925 1.214 0.948 0.899 0.842 1.159 0.855 1.424 0.847 
0.397 1.771 1.638 1.320 0.707 1.012 1.708 1.129 1.056 0.716 1.195 1.419 1.168 1.493 0.896 1.001 1.852 0.665 1.089 0.644 
1.218 0.344 0.817 0.775 0.924 1.533 1.378 0.609 0.426 0.884 0.499 1.627 0.656 1.435 1.254 1.787 0.791 1.106 0.629 0.853 
0.551 0.322 1.292 1.548 0.898 1.257 1.166 0.874 1.196 0.790 1.512 1.754 0.783 0.788 1.033 1.304 1.044 0.926 1.101 1.068 
1.601 1.868 0.735 1.257 1.252 0.868 0.229 1.058 1.567 0.879 1.438 0.748 0.966 1.331 0.613 1.207 0.821 1.086 1.002 1.165 
